#!/usr/bin/env ruby

rows = <<END.lines.map { |l| l.split }
1 2 3 4 5 6 7 8 9 10
4 1 2 3 4 2 1 3 2 4
11 12 13 14 15 16 17 18 19 20
4 1 3 2 3 1 2 1 4 3
21 22 23 24 25 26 27 28 29 30
1 2 1 3 2 1 1 3 3 3
31 32 33 34 35 36 37 38 39 40
4 3 2 1 4 2 3 2 1 1
41 42 43 44 45 46 47 48 49 50
4 3 2 1 4 4 4 3 4 3
51 52 53 54 55 56 57 58 59 60
4 2 3 3 1 4 1 2 4 1
61 62 63 64 65 66 67 68 69 70
1 2 4 1 4 2 3 3 4 1
71 72 73 74 75 76 77 78 79 80
1 1 2 1 1 3 4 3 3 3
81 82 83 84 85 86 87 88 89 90
2 1 4 4 3 3 3 1 3 3
91 92 93 94 95 96 97 98 99 100
4 2 4 4 3 3 2 1 1 1
END
expected = rows.values_at(* rows.each_index.select { |i| i.odd? }).flatten

puts expected
